15.25 2.79 
13.45 2.69 
5.58 2.20 
7.17 3.21 
13.81 2.12 
0.26 4.02 
2.86 0.54 
15.19 2.94 
10.21 1.84 
11.75 2.70 
11.69 3.12 
4.97 3.22 
1.65 0.30 
4.08 1.22 
0.48 0.32 
5.67 2.98 
5.32 2.66 
10.90 0.14 
10.28 2.52 
6.23 1.24 
9.63 3.08 
14.27 3.13 
7.51 2.06 
15.07 3.23 
8.99 3.19 
7.31 3.22 
3.41 1.51 
10.16 1.08 
6.87 0.97 
10.27 3.17 
1.33 3.80 
23.16 1.34 
13.34 0.81 
9.19 2.56 
2.81 3.73 
1.76 2.61 
2.76 2.56 
15.60 2.66 
1.23 0.27 
1.04 4.10 
12.65 0.79 
14.90 0.44 
9.98 0.25 
0.10 0.63 
2.96 2.87 
7.21 1.58 
8.26 2.65 
7.29 3.07 
15.62 3.74 
19.54 2.91 
21.51 3.44 
12.98 2.91 
9.89 0.87 
9.71 1.11 
5.09 3.17 
4.72 3.40 
5.61 0.40 
9.67 1.58 
7.68 0.01 
7.10 0.82 
13.03 1.07 
10.26 0.14 
8.91 2.23 
5.02 2.20 
12.56 0.71 
19.73 0.90 
6.16 3.07 
8.09 1.27 
11.83 1.01 
12.82 0.66 
4.36 1.16 
3.52 3.22 
16.49 2.40 
8.53 3.21 
12.83 1.92 
6.92 3.06 
10.13 0.96 
16.78 2.97 
8.22 2.39 
9.66 1.72 
18.26 0.78 
6.35 1.26 
7.63 2.18 
18.91 1.17 
8.35 0.91 
1.65 3.24 
6.01 0.32 
10.05 0.93 
14.57 0.55 
18.41 0.73 
10.36 1.38 
4.19 2.24 
17.07 0.48 
2.06 2.71 
3.68 2.52 
0.93 2.48 
4.05 0.33 
1.79 3.29 
10.57 0.27 
10.20 1.55 
2.44 1.85 
10.53 3.11 
6.72 1.84 
12.72 2.90 
0.84 0.59 
7.40 1.02 
8.25 2.85 
5.85 2.72 
14.24 0.77 
4.10 3.37 
17.01 1.40 
5.90 1.93 
7.31 0.05 
6.84 2.58 
5.49 3.22 
15.45 1.09 
3.34 2.95 
13.00 1.40 
7.87 2.37 
1.32 3.43 
3.90 1.99 
0.01 1.31 
15.02 1.19 
15.41 1.10 
12.83 1.76 
17.69 0.67 
8.53 1.92 
17.37 3.24 
12.96 1.93 
21.08 2.08 
15.75 1.14 
17.90 2.66 
17.37 2.12 
6.60 3.03 
18.53 2.14 
12.56 0.52 
4.99 1.81 
16.38 1.71 
4.94 1.35 
12.06 1.45 
4.53 3.59 
12.94 1.56 
11.44 0.37 
13.18 0.77 
14.77 1.62 
10.03 3.32 
19.93 1.88 
4.21 1.63 
21.01 1.60 
17.29 0.90 
18.08 1.41 
11.28 0.67 
8.44 3.21 
4.35 0.38 
5.52 2.07 
13.90 2.80 
8.84 1.72 
0.21 2.70 
20.86 1.57 
10.93 3.38 
2.58 1.28 
19.78 0.96 
12.10 2.18 
16.85 0.99 
2.49 0.62 
1.95 0.05 
2.04 3.24 
11.04 0.25 
7.66 1.03 
5.70 0.67 
0.65 2.64 
8.55 2.62 
4.26 1.15 
18.73 0.18 
17.23 2.39 
15.31 1.04 
11.79 0.19 
1.40 0.68 
6.02 3.31 
1.31 1.28 
8.26 1.67 
19.13 2.04 
11.19 2.22 
3.78 1.22 
4.06 1.08 
14.31 0.94 
12.13 2.66 
5.53 4.23 
17.56 2.34 
12.03 0.90 
1.44 2.14 
12.01 2.58 
6.08 0.12 
0.10 3.54 
16.06 0.27 
3.69 0.15 
1.33 2.14 
2.20 0.58 
10.51 0.02 
12.67 3.23 
